C:/Users/Simon/Downloads/2n77.pdb
183
157 310 22 30 6 305 528 526 392 132 133 130 274 273 265 71 296 299 44 578 43 99 119 140 229 128 289 103 104 144 237 143 113 114 115 111 306 302 325 327 410 350 383 106 101 100 530 226 257 112 96 66 562 137 295 259 248 258 154 161 168 165 156 222 221 211 254 255 210 247 220 160 159 142 301 293 270 266 288 285 263 545 249 457 256 326 334 357 227 297 225 268 269 294 309 300 551 561 110 105 298 359 307 308 292 358 360 272 314 453 385 419 379 391 390 355 583 546 519 573 380 554 79 381 553 552 420 386 560 558 556 378 15 584 223 582 579 550 411 351 78 449 445 580 581 404 384 23 2 75 549 319 219 135 318 0 261 131 62 97 102 94 70 312 77 68 271 73 356 353 69 382 577 548 555 574 448 407 405 571 566 3 14
C:/Users/Simon/Downloads/2n77.pdb
166
603 619 618 758 796 767 655 718 721 720 712 658 688 599 690 682 768 728 664 665 669 691 693 737 656 611 610 625 627 626 687 713 686 689 715 719 814 820 815 788 711 706 685 647 694 660 663 588 586 589 590 592 591 707 709 595 594 600 602 601 585 593 608 722 672 839 759 756 757 776 774 612 605 695 700 671 667 668 699 710 692 755 714 623 680 683 746 717 745 743 739 744 742 747 838 779 748 753 741 704 734 750 784 735 736 773 703 705 846 834 813 810 824 775 830 801 832 831 716 723 770 697 812 787 733 724 778 807 772 835 805 804 802 806 800 777 653 657 662 646 634 635 654 616 624 670 677 651 650 661 659 679 727 754 731 732 738 785 786 797 811 808 819 843 844 845
AtomsPair 676
157  603  4.05778663845
157  619  5.36649226787
157  618  1.65952898348
310  758  10.8037635833
310  796  2.26093194939
310  767  6.26941446627
22  655  4.22581215009
30  655  7.21665575322
6  655  16.9558456996
305  718  4.10208858513
305  721  1.25472543108
305  720  1.23609010547
528  712  1.77981087564
526  712  2.29429150531
392  712  6.04770194485
132  658  1.64897913683
133  658  1.42814089546
133  688  4.77679757159
132  688  2.35695239135
130  599  4.38304168788
157  599  4.96166050862
130  619  4.67586743089
274  690  2.78854467662
273  690  0.939943316134
265  690  2.86777353842
71  682  31.4340358102
71  768  17.5113981551
71  728  7.9175644788
296  664  0.928698412488
296  665  1.11428484393
296  669  2.2768675159
299  691  0.709421887227
299  693  2.22920824879
299  721  2.94409803894
44  737  9.23917383428
578  737  9.37636948043
43  737  5.13328873736
99  656  6.181581899
119  656  4.39138080483
119  619  7.25294703075
99  619  20.4223619973
140  611  2.09903986702
229  611  2.45773261023
229  610  3.17661579005
140  610  1.76613373998
133  656  5.02730498616
128  656  4.01262559661
289  625  2.76525210314
289  627  1.75684148742
289  626  1.5437634375
103  687  1.54935509091
104  687  2.67792217377
104  713  2.10169963338
103  713  2.41146456872
144  686  1.18310814928
144  713  2.13177286275
144  689  1.44081150721
237  713  2.58425738101
143  713  4.90788882246
113  713  3.09664556365
114  713  0.504286098343
115  713  0.696864638212
111  713  1.42242816735
115  712  1.81965097516
113  712  3.51908667243
274  713  5.00279613747
306  721  2.50315491119
302  721  2.53732315129
325  715  1.45389991197
327  715  0.67669149757
327  719  1.41681107477
325  719  4.71790850847
410  814  5.82163275176
410  820  9.6285086
410  815  27.2713728056
350  788  9.36740819452
383  788  7.65086987708
383  820  11.1144889996
350  820  15.1237455758
114  711  2.44079814637
115  711  0.391975695589
104  706  2.90911764678
104  711  3.57249282815
106  713  1.35656688012
274  712  4.88938963364
392  715  3.60327127271
274  715  1.85254359794
114  712  1.13941264592
104  685  2.51009992271
101  685  0.251743306265
100  685  1.43429508361
6  619  15.0597709508
6  647  2.78467883667
103  686  1.72810527351
128  619  3.25894352924
299  694  1.46394294409
132  660  2.51410232292
132  663  2.83660201251
530  712  1.91261743162
226  588  1.61741860938
229  588  2.37674652892
229  586  1.17089236212
226  586  1.03339303321
229  589  2.06675626531
257  590  0.695138493893
257  592  1.05972603039
257  591  2.31229752689
112  711  0.691197786104
112  713  1.47918559538
96  685  1.98954993528
66  685  6.26761584215
562  707  3.82288605599
562  709  1.64910452256
562  712  4.91968365905
137  610  3.25941449947
137  588  5.27794549766
295  627  1.7732470476
259  627  2.17523624638
248  595  1.41126312601
258  595  0.538273015513
258  594  3.01292031573
248  594  2.43098067571
132  656  2.90149047026
154  619  1.55571595096
161  600  1.62002178436
161  602  10.5613706907
161  601  0.188325856675
168  603  2.16302330169
165  603  1.17076598291
156  603  3.96200827136
161  585  13.6162950389
222  585  1.73501812127
221  585  8.12889812664
211  585  2.70513008356
254  591  1.23635621764
255  591  0.263521786404
255  593  0.43705584236
254  593  2.38427780245
210  585  3.25691966081
226  585  2.47501130187
247  593  1.34059110937
220  593  2.52036935752
257  594  0.421476908701
259  594  1.33943801047
259  595  0.267863106076
257  595  0.559872324184
160  588  2.31753949438
161  588  3.1874110233
159  588  2.0710896954
132  608  2.94190805641
140  608  1.60301067092
130  608  1.60466659131
144  660  3.34798326374
296  660  3.75169457861
142  660  2.36340725043
165  602  0.571769465281
156  602  1.00014764851
301  722  1.76523864461
293  722  2.2749157339
270  722  2.97602138389
296  611  3.55822462446
266  611  3.65838552214
142  611  2.91319959101
288  672  3.07180950276
289  672  3.78064891001
285  672  3.00365235371
114  707  2.30673992927
263  722  2.45503793745
293  693  2.74035434617
263  693  3.45722930749
545  814  13.1958000406
545  839  16.5036741326
545  815  6.48962055301
296  627  3.10972680035
257  627  3.94811727999
249  595  4.68091483728
457  595  17.7359127386
221  595  4.24447801103
256  595  0.858824046388
257  593  0.542810736251
326  759  2.84031900375
327  759  3.77894222833
327  756  1.23090691405
326  756  3.86293827416
210  588  5.31155960578
334  757  0.823472006183
357  757  0.812775058263
357  758  2.77203337536
334  758  8.83904154066
227  588  1.82777430025
297  627  0.715549868076
297  626  2.47416183963
249  593  1.52098049294
221  593  1.90505355897
266  591  1.31395603744
225  591  2.25793356825
268  722  1.00483372534
269  722  0.839220275322
248  593  0.927416741325
255  595  0.328446390721
137  599  1.14255603325
225  589  0.962312568416
266  589  4.509402827
226  589  1.70875406076
294  693  3.27730276657
132  611  1.83020773009
159  600  1.27403121056
309  758  4.70929755608
309  767  3.33309664745
156  619  13.9651365782
300  721  0.434730576377
551  776  1.81259919609
561  776  3.59371346452
561  774  1.36685732324
551  774  0.816322262955
110  713  0.532341142206
105  713  1.09518146923
297  672  4.33800317606
298  672  2.64011370531
296  626  2.42457485195
226  591  1.37912086185
222  591  1.31975828878
359  756  2.80235046106
357  756  1.14595127124
130  612  2.35985441964
132  612  2.54319415723
263  720  1.3727916947
273  720  2.37090265965
273  722  1.17184323675
265  693  2.45118143988
259  592  1.44793353996
259  625  2.22646696623
293  720  0.532455747827
293  721  1.69616411697
130  605  0.737162700782
327  718  2.45886588858
327  720  0.761484659752
299  695  0.766053804917
299  700  3.57442200321
305  759  4.25732453076
309  759  3.80801012396
309  718  4.76201184397
302  700  3.64389082249
307  700  4.17950319553
307  671  5.49202638093
302  671  3.84442365096
298  665  0.814345273107
298  667  2.046603863
298  668  1.77497101223
294  660  1.19212811707
294  665  2.32653263263
309  699  2.7970534821
308  699  0.188364870806
307  699  0.879849365909
301  721  0.984107483196
274  710  1.57912557397
274  692  1.62613161318
298  693  1.14717897342
292  693  0.301985228454
358  755  0.188463575411
360  755  3.26542264653
357  755  0.790781536403
302  699  1.56334164282
272  722  1.91893310201
274  714  1.2187145211
274  719  1.8362633361
314  759  4.31191331321
350  758  5.88241398707
299  667  1.27558759183
298  700  0.840552252101
305  722  1.57746226482
301  720  0.430955746582
457  602  11.2931913467
453  602  7.04426441749
359  755  2.4254470737
297  623  2.29132054934
297  669  2.32221272009
310  680  2.45706560109
310  699  3.76049415984
310  683  9.50858916626
310  768  7.55184205164
385  746  1.62708778068
419  746  4.72808222189
379  746  0.599428131427
309  717  2.20484922151
392  719  3.94820032107
392  745  4.85371689084
325  745  4.42033623594
391  745  0.475897767201
392  743  0.378479302858
391  743  0.718933256815
562  739  0.794351152019
562  744  2.37859052065
562  742  5.22786683503
390  747  1.77525087107
355  747  1.85070221041
325  747  1.9601490357
583  838  5.37310154935
546  838  9.33870303036
545  838  2.26253537396
357  759  1.6476241657
519  779  9.04773046105
573  779  7.65376136322
573  815  5.74126884135
519  815  12.4950625393
385  748  1.47061720713
380  748  2.83254013813
355  748  2.12806368253
326  717  2.01435168407
326  745  3.54673094716
309  753  2.40265501994
309  757  0.43616668653
359  741  1.60126308254
359  745  2.97596931776
359  747  1.89522559215
358  748  0.521081212791
359  748  0.998206283164
358  747  0.702035163753
314  758  3.17715970495
561  744  3.18411548269
554  744  4.70056280332
79  704  0.991285254934
79  734  2.32465673765
79  707  1.64827859059
381  748  1.48696469041
359  750  2.36889277644
359  784  2.04858300894
553  779  0.727794153101
552  779  3.52011915417
420  779  5.06354526342
326  747  1.13152664219
386  746  1.31556383625
381  746  2.60243984875
79  735  0.197557329505
79  736  2.24955679745
392  742  4.18028842646
390  746  0.726624929898
391  746  2.22755916823
560  773  1.35199715164
558  773  2.51794099266
556  773  1.07382563095
378  746  0.952348648608
528  746  1.28656640028
79  703  0.298360830514
79  705  7.77165647865
325  717  1.12254677723
391  744  0.903948550173
528  744  2.55670886714
419  744  2.17425340876
310  846  13.6814364086
573  814  3.86973546962
360  784  4.98268929085
360  788  8.35136448605
360  820  8.73459435429
391  747  0.577712141655
561  739  1.47471784347
392  709  1.15506207366
15  838  21.4898545249
584  838  11.6086320559
584  834  17.9076274465
15  834  24.8638973749
223  591  1.12974843224
582  779  2.17080654307
582  813  0.763686563166
582  814  2.19646092604
583  810  3.98445417184
583  824  3.28803271926
583  839  15.4503775062
558  775  3.5112620677
579  775  4.04503910534
550  775  1.75548419243
410  830  13.7592455873
411  830  3.44477800678
351  830  8.94783734073
78  711  2.07444617929
79  711  2.28480970911
78  707  3.46195494374
390  745  1.22400473081
584  801  5.81478933112
584  832  3.95210287841
584  831  3.60980599207
309  716  0.299460225549
309  723  1.01014847101
558  770  2.34747629539
265  713  3.14898368441
573  838  2.40664145131
309  697  2.03738978559
582  812  1.59689698944
583  812  0.711467912803
583  814  8.69961438493
449  839  26.81177359
445  839  4.54863030001
410  839  20.683374184
528  742  1.81105399668
391  742  1.16154565319
390  748  1.04375959417
419  787  2.92167924467
420  787  3.58986585619
381  787  2.36711264643
272  719  2.86711529108
79  733  2.41729090326
309  724  1.15088755492
526  742  1.22233338501
420  778  2.61437199651
553  778  1.13061711113
449  815  23.3276255794
582  810  1.04900837051
583  801  4.89090715875
580  807  1.12624644534
581  807  0.917245714105
581  772  1.97430791567
580  772  1.83670521714
420  815  7.67541326038
404  815  8.72397184396
384  815  4.84271143669
584  835  3.65248567062
327  717  2.49436674539
551  778  0.495168394029
553  776  0.876582260041
360  758  3.13685081667
44  768  15.9957282369
23  768  31.2093447886
2  768  13.6568467918
558  736  8.07919902725
558  805  2.53154611629
558  804  5.11826127466
580  802  2.53070120875
580  805  1.09368877688
580  806  2.04670427941
582  800  0.403792931552
582  801  1.14009229705
582  807  0.779614406145
583  831  2.86022235456
75  711  1.29368974115
310  728  4.78945504472
561  775  1.55713799386
551  775  1.33728178123
384  787  2.7684713279
549  775  0.951905428299
550  777  1.60925632599
549  777  0.453952522933
551  779  0.860637472005
580  777  0.732190537262
581  777  1.36527245187
579  777  1.53853763591
583  835  3.00855354975
351  815  9.2083043518
351  820  16.2349693891
584  806  23.0870220113
15  806  25.628028568
383  815  10.0785822365
579  805  1.52718274039
579  804  2.78521163051
71  699  4.70642858787
578  806  12.4564450414
584  805  0.635513794204
578  805  1.52434318819
168  602  4.23812388138
161  603  0.918355957368
159  599  1.45910232778
288  594  6.2670714543
319  594  7.35415766194
457  585  9.24262899163
219  593  0.301911964441
221  591  0.720349160773
222  593  0.643552637213
453  595  3.88441511292
157  588  1.40984321947
249  594  0.201433921438
289  594  3.91589354396
130  610  2.78072387017
223  593  0.992742942612
257  589  2.61149530515
254  595  1.10147741086
133  653  2.19217724997
133  657  0.89734367791
133  662  1.67280104583
161  595  13.0080802879
157  610  1.5892602286
159  603  2.32578175634
296  623  2.85681813731
160  603  0.495955186253
132  619  4.42875219104
135  610  1.44494846725
297  665  0.619865548017
266  627  3.85510422505
6  646  5.80632622379
132  662  4.02628657382
289  634  5.09131251921
288  634  4.30489673655
288  635  6.16360916761
296  663  4.97506399938
71  653  4.6426512131
96  653  3.58752370876
96  654  1.40844858325
71  654  1.33913732738
132  616  0.939831923719
294  669  0.80485242324
294  668  0.620801113486
298  669  1.23998249101
99  655  9.43609756377
297  624  2.7625717035
298  671  2.270699833
318  671  2.60905801413
318  672  1.74496498052
319  635  2.92586248115
23  683  15.4932435139
6  683  6.35518684892
0  683  7.72775381797
319  671  5.52737599387
306  699  1.8151990151
96  656  2.82527151462
295  626  0.361986965731
289  624  3.74077375972
261  627  1.72648303525
96  655  4.42146776403
298  670  0.337621902304
319  672  2.27945580568
144  688  2.70040233918
131  688  1.14170842505
299  671  1.60829705042
319  634  3.98391178857
62  655  10.0391010105
23  646  9.27956333595
310  671  2.27426720477
103  688  2.51077908502
104  688  0.738026716843
296  693  2.38966560096
144  693  2.89379527703
23  682  24.6787510617
273  693  2.18328588775
66  653  4.62283235573
71  677  5.37912578541
319  683  2.93179480649
133  651  1.1461020314
97  655  0.923103459796
294  667  1.24263834123
71  655  17.1728841527
23  655  14.6090133059
133  650  0.352382356147
101  688  1.66454577577
66  677  3.19575825504
71  685  2.87812939492
142  663  3.72838202017
132  661  0.26301759748
296  659  0.351930533121
102  713  0.302577715873
143  686  1.44762228071
100  688  0.722442363972
96  688  4.60219842368
299  668  1.02850707481
307  683  1.30758074191
71  679  2.74455935621
94  688  1.1784997671
307  680  3.351281943
0  768  16.4002320583
70  737  4.80504592781
312  722  1.26340869579
71  705  9.79186395295
309  728  5.09333716815
77  736  2.80287911083
79  737  3.75749582414
77  737  2.48587541344
310  700  1.53911801129
309  727  1.07504698844
79  706  2.74166207078
144  690  1.36069884008
273  692  1.39051778771
273  719  0.985243917337
560  733  1.61961647351
562  733  3.43210713127
104  705  4.22089312068
306  718  0.981699908643
558  737  3.25473524062
578  736  1.81478674567
327  722  2.27165436204
66  705  4.0980711142
68  705  1.51488800541
271  722  0.404502749061
309  695  0.961247911959
73  705  1.44155654482
573  777  1.94459774927
309  754  1.41784024786
561  731  0.301788308684
561  733  0.970718744416
561  732  1.299426763
309  721  1.96763580075
562  738  1.16989428449
561  738  0.912053245214
356  747  1.64111077716
310  759  2.15304243638
307  759  0.764580347655
580  801  2.01422954511
353  747  0.709855323676
71  737  7.42937890229
560  732  2.48262042584
384  788  1.188849601
381  788  1.2384443698